10 5 20 19 17 8 13 15 8 11
2.427 18.576 17.897 17.765 8.545 11.408 16.67 6.03 7.778 9.218
0.639 0.437 0.443 0.746 0.822 0.235 0.54 0.939 0.186 0.611
2.209 10 9 14.852 6 9 12.047 17.412 9.254 16
8 19 9 10 9 3 7 9 3 10
18.99 3.403 19.259 7.48 5.035 0.693 8.624 3.438 8.515 6.805
0.892 0.875 0.006 0.855 0.492 0.737 0.743 0.484 0.874 0.44
7 8 4 1 6.604 6.796 4 1.349 16.778 5
3 7 17 3 15 6 9 4 18 1
19.407 16.782 14.941 1.713 13.69 18.491 2.685 5.587 4.592 12.778
0.784 0.308 0.293 0.731 0.357 0.274 0.377 0.924 0.6 0.606
16.475 4 1.686 17.466 2.645 18 13.946 8 14.778 1
12 17 7 3 13 14 15 19 10 20
17.345 13.721 7.681 11.344 17.147 7.791 3.414 18.438 17.282 3.46
0.826 0.147 0.745 0.267 0.588 0.013 0.731 0.299 0.852 0.58
16.908 10.686 9.499 6 15 12.418 2 5.097 12.372 15.672
1 14 12 13 17 10 13 19 10 19
16.313 6.92 6.261 6.999 14.873 10.945 19.176 3.145 15.336 16.593
0.829 0.966 0.698 0.878 0.3 0.837 0.718 0.716 0.764 0.463
17.454 9 5.914 2.186 2.523 3.438 1 16.686 13 14
7 14 2 16 19 18 16 7 5 16
6.124 13.512 0.766 2.208 7.34 10.799 0.044 13.864 14.935 12.092
0.975 0.074 0.604 0.918 0.24 0.715 0.361 0.31 0.633 0.078
5 0.904 12.55 13.565 19.636 7 15 4 11.078 19.908
4 7 16 16 3 4 10 17 11 7
8.985 14.587 15.229 1.997 16.352 6.778 11.493 15.594 10.59 13.991
0.703 0.689 0.816 0.078 0.814 0.622 0.841 0.275 0.572 0.761
6 4.885 2 19 6 14 19 13 13 9.594
20 19 20 2 1 12 11 19 9 14
6.086 7.926 5.361 12.763 16.983 0.758 0.309 1.409 12.697 19.92
0.844 0.409 0.221 0.121 0.395 0.809 0.13 0.346 0.308 0.632
12 11.381 15 15.324 14.346 11.209 11.039 19.863 16 2
6 1 5 10 20 4 14 20 2 20
10.793 17.336 10.189 9.617 15.383 1.402 17.644 4.443 0.252 15.467
0.29 0.15 0.234 0.35 0.551 0.251 0.774 0.536 0.623 0.666
16 14 3 7.484 15 11.057 13 8.698 3 16
19 20 15 12 16 3 4 20 13 16
2.857 0.548 17.396 1.996 0.769 17.827 4.559 0.264 0.425 5.716
0.866 0.155 0.716 0.501 0.702 0.404 0.708 0.872 0.906 0.691
12.185 4.609 3.846 15 8.708 3 12 13.839 8 15
18 17 11 15 2 14 19 5 6 2
11.958 6.58 19.721 3.008 18.22 11.046 17.933 4.775 3.358 14.274
0.722 0.351 0.203 0.433 0.75 0.467 0.554 0.732 0.167 0.065
5 14 19 14 11 16.889 15.391 19 18 9.89
15 6 2 4 18 4 8 15 18 17
19.55 9.184 2.394 7.49 13.921 5.878 7.255 1.684 11.701 16.138
0.989 0.015 0.535 0.282 0.781 0.563 0.73 0.499 0.807 0.52
13 5.445 9.188 10.084 8.825 20 18 20 12 12.66
6 3 9 8 9 2 14 17 11 19
9.657 16.155 19.153 15.939 12.208 1.192 7.574 14.918 10.662 9.581
0.058 0.143 0.804 0.404 0.552 0.066 0.226 0.853 0.067 0.332
10 15 13 13.788 10.474 15 12.298 10 3.815 4
6 9 13 9 7 4 20 10 20 10
14.372 0.105 6.676 4.713 13.569 11.304 11.516 12.998 1.581 19.321
0.176 0.649 0.144 0.266 0.124 0.81 0.746 0.233 0.68 0.514
14 5.488 5 2 18.372 7 19 14 17 16.106
17 1 3 15 2 10 2 13 6 20
11.969 11.501 13.751 2.956 14.134 14.289 0.055 17.341 0.583 17.167
0.76 0.013 0.55 0.394 0.316 0.118 0.293 0.88 0.721 0.995
5 7.75 6 16 0.677 17 7.28 10 7.573 2
20 17 5 7 15 19 5 8 6 1
9.062 10.61 5.342 16.662 0.392 0.179 14.205 11.595 7.831 1.492
0.62 0.054 0.809 0.086 0.432 0.516 0.087 0.973 0.304 0.31
9 19 14 0.191 14 5 5 18.209 2 8
4 14 10 2 17 3 3 17 7 12
1.064 5.056 4.603 1.471 6.561 0.98 17.85 14.636 2.736 9.577
0.42 0.332 0.912 0.075 0.298 0.902 0.378 0.929 0.22 0.509
2 8 7.621 1 1 1 2 19.39 11 5
7 14 3 15 11 17 12 13 16 8
11.137 16.278 16.133 11.791 6.296 8.941 15.941 12.412 17.882 2.577
0.286 0.643 0.005 0.857 0.289 0.493 0.168 0.249 0.826 0.876
4.885 17.946 14.724 15.077 2.182 10.376 17 7.315 10 5.006
11 16 4 17 13 14 8 12 20 6
16.059 9.819 4.594 4.323 5.278 8.808 16.302 12.158 5.478 11.135
0.227 0.929 0.874 0.022 0.457 0.691 0.112 0.899 0.671 0.395
1 5.263 14 17.522 16 14.159 14.684 3.78 10.381 19
8 19 1 20 11 18 13 5 2 16
15.816 13.007 12.007 9.116 14.812 12.064 17.122 17.708 19.194 15.961
0.99 0.981 0.381 0.602 0.655 0.95 0.108 0.16 0.757 0.381
3 18.476 15 18 1 4 4.52 12.236 9 6.497
4 6 12 13 18 5 4 2 9 17
19.634 18.379 1.79 18.836 12.359 15.079 16.537 11.269 14.452 9.219
0.678 0.812 0.422 0.412 0.719 0.89 0.272 0.963 0.75 0.526
17 9.68 1 20 3.139 9.211 9.092 19.943 11.113 18
11 19 19 5 2 7 4 10 8 7
18.038 18.621 8.513 8.512 11.921 4.388 10.762 15.458 17.534 18.911
0.605 0.493 0.835 0.742 0.041 0.064 0.541 0.152 0.316 0.669
6.822 11 1 9.596 4 5.99 5.973 13 6 5
14 5 9 13 16 8 9 4 19 16
6.41 10.483 19.264 7.052 8.849 10.91 15.939 2.951 9.991 19.446
0.905 0.922 0.236 0.242 0.083 0.336 0.044 0.027 0.379 0.525
12.595 1 15 10 11 16.57 5 11.909 7 11.682
20 3 2 2 17 1 18 12 7 12
5.174 14.517 17.903 16.026 14.358 13.094 5.981 11.338 10.84 3.315
0.688 0.826 0.239 0.157 0.809 0.871 0.356 0.18 0.081 0.731
11 5 19.357 10.308 17.15 18 18.12 20 7 14.881
16 5 5 14 18 14 14 7 5 14
1.661 5.048 15.229 16.8 14.314 0.494 11.562 12.296 18.446 7.464
0.281 0.188 0.767 0.577 0.698 0.006 0.128 0.995 0.604 0.317
15.027 1 6 12 19.914 11 4.564 15 3.414 3.825
